55
54
9
22
74
70
39
87
85
11
42
62
37
22
2
77
41
68
53
31
57
85
89
52
78
58
40
35
48
10
93
2
27
28
50
39
18
34
16
80
81
92
43
5
85
13
12
93
78
51
61
28
86
56
52
37
65
42
16
38
2
43
64
40
28
68
56
15
68
86
4
1
29
93
85
15
56
51
66
22
72
34
53
47
19
37
32
70
7
56
6
9
57
92
7
23
13
70
15
86
59
31
7
81
57
93
88
86
83
45
94
59
95
93
38
32
17
44
67
71
64
65
67
67
32
70
50
91
90
81
97
33
3
73
49
48
8
26
39
9
60
25
77
70
64
15
90
49
13
23
25
20
53
34
17
45
45
14
81
53
4
69
28
93
73
25
2
17
17
18
76
53
33
1
72
53
28
75
33
24
3
62
40
78
38
61
16
78
21
53
96
65
42
26
80
21
22
35
28
31
34
37
92
76
14
47
75
20
94
58
46
7
75
31
74
31
63
55
91
25
22
7
61
22
67
84
98
56
8
36
60
5
60
74
58
49
28
7
97
6
71
87
98
53
50
45
6
46
98
18
71
12
99
4
7
83
76
73
42
29
58
21
98
11
8
50
76
20
72
30
71
7
40
89
10
47
60
52
38
72
22
68
54
1
73
26
50
19
79
88
60
80
59
49
37
76
90
43
60
88
16
26
83
33
42
77
32
28
44
51
41
49
13
82
92
82
37
82
35
81
9
90
86
18
58
69
9
15
38
43
33
18
8
49
26
3
7
63
59
61
69
30
8
53
84
60
14
98
83
1
98
2
51
28
57
85
5
70
65
77
33
32
59
61
26
9
79
42
93
96
59
20
82
26
45
56
31
18
57
82
64
52
67
13
5
86
62
64
9
64
72
35
75
91
96
23
38
95
21
26
59
21
35
2
77
21
84
23
6
7
41
26
64
90
73
94
59
66
14
2
26
79
35
75
70
27
69
35
96
47
49
35
54
61
7
65
98
49
17
26
18
54
48
79
7
30
99
49
6
72
42
59
68
91
46
36
42
28
73
69
54
26
44
39
44
38
21
91
60
42
57
81
63
29
46
65
83
35
42
93
69
46
19
84
39
77
64
55
69
45
8
61
5
29
48
10
50
98
84
73
94
88
31
19
74
40
24
26
7
42
13
86
62
9
99
15
93
87
9
53
53
94
19
73
50
21
66
52
23
82
23
24
27
26
83
72
92
45
57
87
91
8
47
70
70
37
1
4
24
49
86
31
5
89
84
72
92
90
4
66
34
4
64
21
67
54
20
93
72
99
2
59
57
75
54
46
56
62
88
67
68
93
41
2
53
93
14
38
50
34
17
30
98
64
46
64
42
74
64
95
8
21
2
48
54
72
84
71
96
91
8
60
49
8
24
42
92
2
74
90
97
66
92
8
15
91
52
65
34
53
48
15
79
82
36
5
24
30
17
79
34
58
21
78
30
11
98
73
37
44
44
54
36
47
61
87
41
92
70
58
59
12
22
5
35
28
78
91
74
31
84
27
62
95
83
79
4
54
62
60
16
15
93
30
79
47
17
41
84
49
74
39
64
39
91
51
86
18
92
79
81
75
12
68
31
33
42
39
99
50
95
44
81
31
80
8
75
24
83
4
22
23
34
28
47
34
80
13
40
93
40
59
24
80
87
50
82
24
49
19
22
25
37
91
53
7
83
95
46
32
85
87
46
91
48
57
7
67
18
84
40
69
29
94
33
99
52
33
2
87
14
72
9
89
81
76
75
63
53
76
51
58
62
16
34
15
6
81
16
69
45
93
52
53
70
84
72
66
22
41
7
91
74
68
16
48
5
79
8
53
85
90
85
77
90
78
43
13
66
20
17
47
61
9
62
85
73
61
44
66
28
30
48
41
89
40
29
22
16
20
41
20
31
40
89
34
46
24
27
83
70
14
47
23
76
86
99
8
60
4
14
32
84
89
45
9
64
58
97
98
26
7
32
78
18
21
94
55
82
61
85
37
71
16
84
96
4
34
89
53
2
87
68
64
85
59
45
81
92
38
97
13
51
18
69
13
4
78
86
76
37
99
30
55
97
7
22
38
68
98
29
69
89
52
93
76
16
80
97
32
32
56
12
46
37
2
61
14
56
90
1
5
57
3
80
77
33
26
63
95
49
88
90
53
17
90
77
63
4
64
71
22
94
8
47
53
7
9
46
29
53
75
36
99
62
81
84
16
28
38
49
42
32
8
42
24
3
73
39
3
80
92
78
20
75
75
63
14
36
40
